SNP	HG38_CHR	HG38_BP	HG19_CHR	HG19_BP	REF	ALT	EUR_pval	EUR_FDR	AFR_pval	AFR_FDR
rs11635336	15	81292032	15	81584373	G	T	6.55378317554298e-30	4.82458473603805e-21	NA	NA
rs67951045	15	81288110	15	81580451	A	C	9.03489611863401e-30	4.82458473603805e-21	NA	NA
rs11635611	15	81286987	15	81579328	A	G	6.89258241937148e-29	2.45373401794844e-20	NA	NA
rs11633024	15	81269018	15	81561359	T	C	1.38799907845506e-26	2.26602437645355e-18	NA	NA
rs8025180	15	81282402	15	81574743	C	T	2.02599201770774e-26	2.26602437645355e-18	NA	NA
rs67853122	15	81285021	15	81577362	G	A	2.28251786145022e-26	2.26602437645355e-18	NA	NA
rs67157897	15	81270196	15	81562537	T	C	2.77091585249851e-26	2.26602437645355e-18	NA	NA
rs72746155	15	81270358	15	81562699	A	C	2.77091585249851e-26	2.26602437645355e-18	NA	NA
rs66935966	15	81270486	15	81562827	C	T	2.77091585249851e-26	2.26602437645355e-18	NA	NA
rs113569519	15	81271278	15	81563619	T	A	2.77091585249851e-26	2.26602437645355e-18	NA	NA
rs11857325	15	81271563	15	81563904	T	C	2.77091585249851e-26	2.26602437645355e-18	NA	NA
rs11637813	15	81269300	15	81561641	C	A	3.82184592030814e-26	2.26602437645355e-18	NA	NA
rs67882884	15	81283203	15	81575544	C	T	4.08497071589395e-26	2.26602437645355e-18	NA	NA
rs67571153	15	81283314	15	81575655	G	T	4.08497071589395e-26	2.26602437645355e-18	NA	NA
rs4468565	15	81283358	15	81575699	C	A	4.08497071589395e-26	2.26602437645355e-18	NA	NA
rs68081678	15	81283689	15	81576030	A	G	4.08497071589395e-26	2.26602437645355e-18	NA	NA
rs58843615	15	81270889	15	81563230	T	C	4.24353513590951e-26	2.26602437645355e-18	NA	NA
rs67106133	15	81272096	15	81564437	G	A	4.24353513590951e-26	2.26602437645355e-18	NA	NA
rs67847307	15	81273311	15	81565652	T	G	4.24353513590951e-26	2.26602437645355e-18	NA	NA
rs11630050	15	81273954	15	81566295	T	G	4.24353513590951e-26	2.26602437645355e-18	NA	NA
rs8040740	15	81282047	15	81574388	A	C	4.91911050247882e-26	2.50169323724353e-18	NA	NA
rs4616256	15	81283413	15	81575754	G	A	5.38767252983712e-26	2.61544312679064e-18	NA	NA
rs67476632	15	81274628	15	81566969	T	C	1.48305127094481e-25	6.33552964471179e-18	NA	NA
rs11637363	15	81275632	15	81567973	A	C	1.48305127094481e-25	6.33552964471179e-18	NA	NA
rs11638043	15	81277598	15	81569939	T	C	1.48305127094481e-25	6.33552964471179e-18	NA	NA
rs11634869	15	81274272	15	81566613	A	T	2.25743842384991e-25	8.036397850618e-18	NA	NA
rs55697022	15	81275133	15	81567474	T	G	2.25743842384991e-25	8.036397850618e-18	NA	NA
rs58076056	15	81275235	15	81567576	G	A	2.25743842384991e-25	8.036397850618e-18	NA	NA
rs11637313	15	81275411	15	81567752	C	A	2.25743842384991e-25	8.036397850618e-18	NA	NA
rs4076201	15	81279962	15	81572303	A	G	2.25743842384991e-25	8.036397850618e-18	NA	NA
rs7175701	15	81266282	15	81558623	T	C	2.72774958368169e-25	8.32344711461752e-18	NA	NA
rs11637642	15	81266983	15	81559324	T	C	2.72774958368169e-25	8.32344711461752e-18	NA	NA
rs7181247	15	81267736	15	81560077	A	G	2.72774958368169e-25	8.32344711461752e-18	NA	NA
rs8026245	15	81268660	15	81561001	A	G	2.72774958368169e-25	8.32344711461752e-18	NA	NA
rs67396561	15	81268783	15	81561124	A	G	2.72774958368169e-25	8.32344711461752e-18	NA	NA
rs28440856	15	81265118	15	81557459	C	G	3.02438357964906e-25	8.97224535641494e-18	NA	NA
rs11853837	15	81271572	15	81563913	G	A	3.80429386188281e-25	1.09809294961186e-17	NA	NA
rs8030065	15	81244342	15	81536683	C	T	1.13862590244578e-24	2.29441493184414e-17	NA	NA
rs57131042	15	81246213	15	81538554	C	T	1.13862590244578e-24	2.29441493184414e-17	NA	NA
rs7172611	15	81248628	15	81540969	A	G	1.13862590244578e-24	2.29441493184414e-17	NA	NA
rs59254248	15	81249332	15	81541673	C	T	1.13862590244578e-24	2.29441493184414e-17	NA	NA
rs58607573	15	81250330	15	81542671	T	C	1.13862590244578e-24	2.29441493184414e-17	NA	NA
rs66535467	15	81250531	15	81542872	T	C	1.13862590244578e-24	2.29441493184414e-17	NA	NA
rs4128766	15	81251128	15	81543469	G	A	1.13862590244578e-24	2.29441493184414e-17	NA	NA
rs60493572	15	81251364	15	81543705	C	T	1.13862590244578e-24	2.29441493184414e-17	NA	NA
rs58541174	15	81251453	15	81543794	G	A	1.13862590244578e-24	2.29441493184414e-17	NA	NA
rs66862541	15	81251580	15	81543921	C	T	1.13862590244578e-24	2.29441493184414e-17	NA	NA
rs66718746	15	81251632	15	81543973	G	A	1.13862590244578e-24	2.29441493184414e-17	NA	NA
rs28455908	15	81254972	15	81547313	T	C	1.13862590244578e-24	2.29441493184414e-17	NA	NA
rs6495554	15	81256040	15	81548381	T	C	1.13862590244578e-24	2.29441493184414e-17	NA	NA
rs6495555	15	81256246	15	81548587	T	C	1.13862590244578e-24	2.29441493184414e-17	NA	NA
rs6495556	15	81256373	15	81548714	A	G	1.13862590244578e-24	2.29441493184414e-17	NA	NA
rs8028334	15	81256640	15	81548981	A	G	1.13862590244578e-24	2.29441493184414e-17	NA	NA
rs28453231	15	81262558	15	81554899	G	C	1.27443885587675e-24	2.43051187716304e-17	NA	NA
rs7172451	15	81262719	15	81555060	G	T	1.27443885587675e-24	2.43051187716304e-17	NA	NA
rs8039027	15	81263931	15	81556272	G	A	1.27443885587675e-24	2.43051187716304e-17	NA	NA
rs67940821	15	81246409	15	81538750	G	A	1.69259265623232e-24	2.96339393622928e-17	NA	NA
rs67766197	15	81247610	15	81539951	A	G	1.69259265623232e-24	2.96339393622928e-17	NA	NA
rs59545248	15	81248089	15	81540430	T	C	1.69259265623232e-24	2.96339393622928e-17	NA	NA
rs4128768	15	81250926	15	81543267	T	C	1.69259265623232e-24	2.96339393622928e-17	NA	NA
rs66628172	15	81251482	15	81543823	T	C	1.69259265623232e-24	2.96339393622928e-17	NA	NA
rs112797520	15	81262882	15	81555223	G	A	1.90854381463459e-24	3.23540279057114e-17	NA	NA
rs60831942	15	81263775	15	81556116	C	T	1.90854381463459e-24	3.23540279057114e-17	NA	NA
rs11072995	15	81234691	15	81527032	A	T	2.58040684426924e-24	4.0480842639528e-17	NA	NA
rs11072997	15	81237294	15	81529635	C	T	2.58040684426924e-24	4.0480842639528e-17	NA	NA
rs11856780	15	81237582	15	81529923	G	A	2.80488133963221e-24	4.0480842639528e-17	NA	NA
rs11853619	15	81237696	15	81530037	T	C	2.80488133963221e-24	4.0480842639528e-17	NA	NA
rs4587933	15	81239142	15	81531483	C	T	2.80488133963221e-24	4.0480842639528e-17	NA	NA
rs4296216	15	81239143	15	81531484	A	T	2.80488133963221e-24	4.0480842639528e-17	NA	NA
rs6495553	15	81239728	15	81532069	T	C	2.80488133963221e-24	4.0480842639528e-17	NA	NA
rs28648707	15	81241693	15	81534034	G	A	2.80488133963221e-24	4.0480842639528e-17	NA	NA
rs11638444	15	81242479	15	81534820	T	C	2.80488133963221e-24	4.0480842639528e-17	NA	NA
rs7180245	15	81242808	15	81535149	G	A	2.80488133963221e-24	4.0480842639528e-17	NA	NA
rs11636298	15	81245271	15	81537612	A	G	2.80488133963221e-24	4.0480842639528e-17	NA	NA
rs57688280	15	81235269	15	81527610	A	G	3.16745566037582e-24	4.45106280734879e-17	NA	NA
rs67645404	15	81236336	15	81528677	A	G	3.16745566037582e-24	4.45106280734879e-17	NA	NA
rs60317813	15	81240659	15	81533000	T	G	3.46970078738419e-24	4.69063569352434e-17	NA	NA
rs58854988	15	81240921	15	81533262	T	C	3.46970078738419e-24	4.69063569352434e-17	NA	NA
rs7172689	15	81241354	15	81533695	C	T	3.46970078738419e-24	4.69063569352434e-17	NA	NA
rs67093094	15	81238507	15	81530848	C	T	4.15064299542036e-24	5.40590362283153e-17	NA	NA
rs11634673	15	81243448	15	81535789	G	A	4.15064299542036e-24	5.40590362283153e-17	NA	NA
rs72746132	15	81245599	15	81537940	G	A	4.15064299542036e-24	5.40590362283153e-17	NA	NA
rs61637497	15	81241104	15	81533445	C	A	5.11565125215879e-24	6.50411803880654e-17	NA	NA
rs61219147	15	81241421	15	81533762	A	G	5.11565125215879e-24	6.50411803880654e-17	NA	NA
rs11638115	15	81233777	15	81526118	G	A	8.85225043639185e-24	1.11224775253673e-16	NA	NA
rs72746144	15	81258345	15	81550686	A	G	1.62736688125899e-23	1.99771251993889e-16	NA	NA
rs11630877	15	81258656	15	81550997	C	A	1.62736688125899e-23	1.99771251993889e-16	NA	NA
rs67117127	15	81253258	15	81545599	C	G	2.38183928250841e-23	2.85817764167013e-16	NA	NA
rs67689826	15	81254032	15	81546373	A	G	2.38183928250841e-23	2.85817764167013e-16	NA	NA
rs7167782	15	81286877	15	81579218	A	G	2.50082465058527e-23	2.96761462526196e-16	NA	NA
rs12324786	15	81233961	15	81526302	C	T	2.76808995392446e-23	3.24866984714708e-16	NA	NA
rs7179134	15	81241037	15	81533378	G	A	4.66814663134887e-23	5.41905342387872e-16	NA	NA
rs28418832	15	81259307	15	81551648	T	G	6.07617289667941e-23	6.90349540646377e-16	NA	NA
rs7163931	15	81259501	15	81551842	C	G	6.07617289667941e-23	6.90349540646377e-16	NA	NA
rs72744156	15	81233938	15	81526279	C	T	1.45570418454256e-22	1.6365010782315e-15	NA	NA
rs9271894	6	32628097	6	32595874	C	T	5.98063696403481e-16	6.65338995730058e-09	NA	NA
rs5006180	15	81263355	15	81555696	T	G	6.59631969882253e-16	7.26267704505849e-09	NA	NA
rs17875577	15	81293903	15	81586244	T	C	7.39506441344343e-16	8.05902784199756e-09	NA	NA
rs114969562	6	32626522	6	32594299	T	A	8.09925448537065e-16	8.73728739433628e-09	NA	NA
rs9271850	6	32627283	6	32595060	A	G	8.52098838589794e-16	8.83130656044366e-09	NA	NA
rs1061810	11	43856384	11	43877934	C	A	9.99922891624481e-16	8.83130656044366e-09	0.000109084538634149	0.00114422718184331
rs35130701	6	32626422	6	32594199	A	G	1.02238629811722e-15	8.83130656044366e-09	NA	NA
rs9271508	6	32621633	6	32589410	C	T	1.08551485173231e-15	8.83130656044366e-09	0.000817645700820047	0.00584201928267077
rs6485462	11	43794650	11	43816200	C	T	1.0997901633204e-15	8.83130656044366e-09	0.00150298735315733	0.00788268899049534
rs7118659	11	43795575	11	43817125	C	T	1.0997901633204e-15	8.83130656044366e-09	0.00150298735315733	0.00788268899049534
rs7118906	11	43795770	11	43817320	C	G	1.0997901633204e-15	8.83130656044366e-09	0.0139671278437199	0.03937968846059
rs10838175	11	43801335	11	43822885	A	G	1.0997901633204e-15	8.83130656044366e-09	0.00150298735315733	0.00788268899049534
rs1518815	11	43803488	11	43825038	C	T	1.0997901633204e-15	8.83130656044366e-09	0.00150298735315733	0.00788268899049534
rs10768981	11	43810226	11	43831776	A	G	1.0997901633204e-15	8.83130656044366e-09	0.00150298735315733	0.00788268899049534
rs10400343	11	43810955	11	43832505	G	A	1.0997901633204e-15	8.83130656044366e-09	0.00150298735315733	0.00788268899049534
rs10742689	11	43815046	11	43836596	T	C	1.0997901633204e-15	8.83130656044366e-09	0.00150298735315733	0.00788268899049534
rs7129046	11	43816001	11	43837551	A	G	1.0997901633204e-15	8.83130656044366e-09	0.00150298735315733	0.00788268899049534
rs10838180	11	43816767	11	43838317	T	C	1.0997901633204e-15	8.83130656044366e-09	0.00150298735315733	0.00788268899049534
rs6485466	11	43821651	11	43843201	T	C	1.0997901633204e-15	8.83130656044366e-09	0.00150298735315733	0.00788268899049534
rs7101808	11	43822029	11	43843579	C	G	1.0997901633204e-15	8.83130656044366e-09	0.00150298735315733	0.00788268899049534
rs10838181	11	43822950	11	43844500	C	T	1.0997901633204e-15	8.83130656044366e-09	0.00150298735315733	0.00788268899049534
rs6485468	11	43826361	11	43847911	G	A	1.0997901633204e-15	8.83130656044366e-09	0.00150298735315733	0.00788268899049534
rs1464229	11	43826788	11	43848338	G	A	1.0997901633204e-15	8.83130656044366e-09	0.00150298735315733	0.00788268899049534
rs7935296	11	43829924	11	43851474	A	C	1.0997901633204e-15	8.83130656044366e-09	0.00150298735315733	0.00788268899049534
rs6485470	11	43830253	11	43851803	G	A	1.0997901633204e-15	8.83130656044366e-09	0.00150298735315733	0.00788268899049534
rs11037663	11	43832359	11	43853909	T	C	1.0997901633204e-15	8.83130656044366e-09	0.00150298735315733	0.00788268899049534
rs7947967	11	43833060	11	43854610	G	C	1.0997901633204e-15	8.83130656044366e-09	0.00150298735315733	0.00788268899049534
rs6485473	11	43834805	11	43856355	G	T	1.0997901633204e-15	8.83130656044366e-09	0.00150298735315733	0.00788268899049534
rs7931097	11	43835868	11	43857418	A	G	1.0997901633204e-15	8.83130656044366e-09	0.00150298735315733	0.00788268899049534
rs7934707	11	43836378	11	43857928	G	C	1.0997901633204e-15	8.83130656044366e-09	0.00150298735315733	0.00788268899049534
rs10734518	11	43840198	11	43861748	G	A	1.0997901633204e-15	8.83130656044366e-09	0.000664232652539867	0.00511666715159616
rs7111450	11	43841480	11	43863030	G	A	1.0997901633204e-15	8.83130656044366e-09	0.000664232652539867	0.00511666715159616
rs1914773	11	43844744	11	43866294	T	A	1.0997901633204e-15	8.83130656044366e-09	0.000664232652539867	0.00511666715159616
rs10742690	11	43846102	11	43867652	G	A	1.0997901633204e-15	8.83130656044366e-09	0.000664232652539867	0.00511666715159616
rs10838185	11	43848389	11	43869939	G	A	1.0997901633204e-15	8.83130656044366e-09	0.000664232652539867	0.00511666715159616
rs10838186	11	43848430	11	43869980	C	T	1.0997901633204e-15	8.83130656044366e-09	0.000664232652539867	0.00511666715159616
rs11037676	11	43849662	11	43871212	C	G	1.0997901633204e-15	8.83130656044366e-09	0.000664232652539867	0.00511666715159616
rs3781805	11	43850905	11	43872455	T	C	1.0997901633204e-15	8.83130656044366e-09	0.000664232652539867	0.00511666715159616
rs9271489	6	32621274	6	32589051	C	A	1.14625469503962e-15	9.00137779619903e-09	0.000817645700820047	0.00584201928267077
rs9271522	6	32622014	6	32589791	T	C	1.14625469503962e-15	9.00137779619903e-09	0.000817645700820047	0.00584201928267077
rs9271539	6	32622251	6	32590028	G	A	1.14625469503962e-15	9.00137779619903e-09	0.000401204942817128	0.00353203637158651
rs9271533	6	32622175	6	32589952	G	T	1.21226750551411e-15	9.38179952374366e-09	0.000401204942817128	0.00353203637158651
rs9271535	6	32622182	6	32589959	C	T	1.21226750551411e-15	9.38179952374366e-09	0.000401204942817128	0.00353203637158651
rs2037297	11	43825155	11	43846705	A	G	1.31163606400203e-15	9.73938616668872e-09	2.83459297085706e-05	0.000367751140692771
rs9271887	6	32627902	6	32595679	G	A	1.53162185541016e-15	9.73938616668872e-09	NA	NA
rs12417393	11	43854164	11	43875714	T	C	1.54117345410496e-15	9.73938616668872e-09	7.46762769771104e-05	0.000856172198830592
rs3736505	11	43854885	11	43876435	A	G	1.54117345410496e-15	9.73938616668872e-09	0.000333953744417274	0.00316613838457146
rs11555762	11	43855148	11	43876698	C	T	1.54117345410496e-15	9.73938616668872e-09	7.46762769771104e-05	0.000856172198830592
rs7115970	11	43747745	11	43769295	C	T	1.54117345410506e-15	9.73938616668872e-09	2.83459297085706e-05	0.000367751140692771
rs10734517	11	43764183	11	43785733	A	C	1.54117345410506e-15	9.73938616668872e-09	2.83459297085706e-05	0.000367751140692771
rs7928134	11	43764763	11	43786313	A	G	1.54117345410506e-15	9.73938616668872e-09	2.83459297085706e-05	0.000367751140692771
rs10838162	11	43767672	11	43789222	A	G	1.54117345410506e-15	9.73938616668872e-09	2.83459297085706e-05	0.000367751140692771
rs1878765	11	43773042	11	43794592	T	C	1.54117345410506e-15	9.73938616668872e-09	3.02466472093086e-05	0.000382348642927926
rs4755741	11	43781704	11	43803254	G	A	1.54117345410506e-15	9.73938616668872e-09	2.83459297085706e-05	0.000367751140692771
rs4755744	11	43796180	11	43817730	C	A	1.54117345410506e-15	9.73938616668872e-09	2.83459297085706e-05	0.000367751140692771
rs1878850	11	43798926	11	43820476	T	C	1.54117345410506e-15	9.73938616668872e-09	2.83459297085706e-05	0.000367751140692771
rs1878851	11	43798974	11	43820524	C	T	1.54117345410506e-15	9.73938616668872e-09	2.83459297085706e-05	0.000367751140692771
rs4755745	11	43799454	11	43821004	G	T	1.54117345410506e-15	9.73938616668872e-09	2.83459297085706e-05	0.000367751140692771
rs10838174	11	43801207	11	43822757	T	C	1.54117345410506e-15	9.73938616668872e-09	2.83459297085706e-05	0.000367751140692771
rs4755747	11	43802413	11	43823963	A	T	1.54117345410506e-15	9.73938616668872e-09	2.83459297085706e-05	0.000367751140692771
rs1518814	11	43803083	11	43824633	A	T	1.54117345410506e-15	9.73938616668872e-09	2.83459297085706e-05	0.000367751140692771
rs6485464	11	43803931	11	43825481	C	T	1.54117345410506e-15	9.73938616668872e-09	2.83459297085706e-05	0.000367751140692771
rs2863026	11	43817104	11	43838654	A	G	1.54117345410506e-15	9.73938616668872e-09	2.83459297085706e-05	0.000367751140692771
rs10768983	11	43818385	11	43839935	G	A	1.54117345410506e-15	9.73938616668872e-09	2.83459297085706e-05	0.000367751140692771
rs7131110	11	43825300	11	43846850	T	C	1.54117345410506e-15	9.73938616668872e-09	2.83459297085706e-05	0.000367751140692771
rs1464230	11	43827204	11	43848754	C	A	1.54117345410506e-15	9.73938616668872e-09	1.72038008863262e-05	0.000367751140692771
rs6485469	11	43827743	11	43849293	C	T	1.54117345410506e-15	9.73938616668872e-09	2.83459297085706e-05	0.000367751140692771
rs2139153	11	43837004	11	43858554	G	A	1.54117345410506e-15	9.73938616668872e-09	2.83459297085706e-05	0.000367751140692771
rs2139154	11	43837132	11	43858682	A	G	1.54117345410506e-15	9.73938616668872e-09	2.83459297085706e-05	0.000367751140692771
rs9971535	11	43840775	11	43862325	T	C	1.54117345410506e-15	9.73938616668872e-09	2.83459297085706e-05	0.000367751140692771
rs6485474	11	43846493	11	43868043	G	A	1.54117345410506e-15	9.73938616668872e-09	2.83459297085706e-05	0.000367751140692771
rs939015	11	43847101	11	43868651	T	C	1.54117345410506e-15	9.73938616668872e-09	2.83459297085706e-05	0.000367751140692771
rs1518822	11	43850247	11	43871797	G	A	1.54117345410506e-15	9.73938616668872e-09	2.83459297085706e-05	0.000367751140692771
rs1518821	11	43850446	11	43871996	A	C	1.54117345410506e-15	9.73938616668872e-09	2.83459297085706e-05	0.000367751140692771
rs35251247	11	43856909	11	43878459	G	A	1.57907259462817e-15	9.86217617850732e-09	2.83459297085706e-05	0.000367751140692771
rs57635800	11	43856935	11	43878485	G	A	1.57907259462817e-15	9.86217617850732e-09	7.46762769771104e-05	0.000856172198830592
rs66500340	15	81275541	15	81567882	T	G	1.9789839701234e-15	1.22879829519214e-08	NA	NA
rs10838158	11	43730972	11	43752522	G	A	2.24399169867408e-15	1.36946194337567e-08	2.04948288862616e-05	0.000367751140692771
rs6485455	11	43732175	11	43753725	G	C	2.24399169867408e-15	1.36946194337567e-08	2.04948288862616e-05	0.000367751140692771
rs10768975	11	43732822	11	43754372	A	G	2.24399169867408e-15	1.36946194337567e-08	2.83459297085706e-05	0.000367751140692771
rs9271558	6	32622571	6	32590348	A	G	2.63861067781707e-15	1.60114040973962e-08	0.000973850158354495	0.00685868754383951
rs6485456	11	43745352	11	43766902	T	C	2.71498105975348e-15	1.6289718243233e-08	2.83459297085706e-05	0.000367751140692771
rs10742688	11	43746704	11	43768254	A	G	2.71498105975348e-15	1.6289718243233e-08	2.83459297085706e-05	0.000367751140692771
rs6929020	6	32629131	6	32596908	G	C	3.33040870481698e-15	1.97602210498877e-08	NA	NA
rs6928873	6	32629169	6	32596946	G	A	3.33040870481698e-15	1.97602210498877e-08	NA	NA
rs2395225	6	32622847	6	32590624	T	C	3.57275055240953e-15	2.10809845918055e-08	0.000817645700820047	0.00584201928267077
rs9271527	6	32622090	6	32589867	C	T	3.89830930336947e-15	2.28755569716124e-08	0.000817645700820047	0.00584201928267077
rs58817325	11	43853766	11	43875316	G	A	4.31960715057068e-15	2.52092504158441e-08	7.46762769771104e-05	0.000856172198830592
rs10768976	11	43752263	11	43773813	T	G	4.662336478179e-15	2.66274009113503e-08	2.83459297085706e-05	0.000367751140692771
rs4643069	11	43754184	11	43775734	A	G	4.662336478179e-15	2.66274009113503e-08	2.83459297085706e-05	0.000367751140692771
rs7115919	11	43754931	11	43776481	C	T	4.662336478179e-15	2.66274009113503e-08	2.83459297085706e-05	0.000367751140692771
rs7110437	11	43759003	11	43780553	C	A	4.662336478179e-15	2.66274009113503e-08	2.83459297085706e-05	0.000367751140692771
rs9271900	6	32628236	6	32596013	A	G	6.78043692222928e-15	3.85182547817293e-08	NA	NA
rs72848204	6	32626296	6	32594073	G	T	7.63481768103933e-15	4.3142334033807e-08	NA	NA
rs9271667	6	32624933	6	32592710	T	C	7.87452313759893e-15	4.42626521997981e-08	NA	NA
rs35366682	6	32626577	6	32594354	T	C	8.31767898260247e-15	4.62666118539671e-08	NA	NA
rs539509361	6	32626622	6	32594399	A	G	8.31767898260247e-15	4.62666118539671e-08	NA	NA
rs9271492	6	32621345	6	32589122	A	C	2.05935689047555e-14	1.13957018694106e-07	0.0105722564551178	0.0364035153498473
rs77114005	6	32626565	6	32594342	T	C	9.56333382315761e-14	5.26470882271491e-07	NA	NA
rs10768982	11	43810369	11	43831919	A	T	1.39784667713638e-13	7.65581971341323e-07	2.83459297085706e-05	0.000367751140692771
rs7758269	6	32631035	6	32598812	T	C	7.44197163679616e-13	4.05507330749333e-06	NA	NA
rs6908808	6	32629092	6	32596869	C	T	7.75875778531769e-13	4.20622730847258e-06	NA	NA
rs9271412	6	32619908	6	32587685	C	T	1.31830906480441e-12	7.11080581216466e-06	0.00243912224962422	0.0106414802572101
rs9270562	6	32592980	6	32560757	G	T	1.35792980801655e-12	7.28770888371522e-06	0.0169521845727005	0.0409677793840261
rs9271424	6	32620145	6	32587922	T	C	2.14556346616274e-12	1.12325398699083e-05	0.00243912224962422	0.0106414802572101
rs9271425	6	32620146	6	32587923	A	G	2.14556346616274e-12	1.12325398699083e-05	0.00243912224962422	0.0106414802572101
rs9271437	6	32620389	6	32588166	G	A	2.14556346616274e-12	1.12325398699083e-05	0.00243912224962422	0.0106414802572101
rs9271484	6	32621128	6	32588905	G	T	2.14556346616274e-12	1.12325398699083e-05	0.00243912224962422	0.0106414802572101
rs9271550	6	32622497	6	32590274	T	A	2.14556346616274e-12	1.12325398699083e-05	0.00243912224962422	0.0106414802572101
rs9271562	6	32622634	6	32590411	G	A	2.7302244565862e-12	1.42236567175615e-05	0.00243912224962422	0.0106414802572101
rs9271439	6	32620457	6	32588234	A	G	2.83542772091475e-12	1.47000269604496e-05	0.00146319160050506	0.00788268899049534
rs9270525	6	32591818	6	32559595	A	G	3.20743402855546e-12	1.63899722017195e-05	NA	NA
rs9270526	6	32591820	6	32559597	G	A	3.20743402855546e-12	1.63899722017195e-05	NA	NA
rs9270527	6	32591823	6	32559600	G	A	3.20743402855546e-12	1.63899722017195e-05	NA	NA
rs9270524	6	32591811	6	32559588	G	A	3.23040732414881e-12	1.64287591268638e-05	NA	NA
rs9271460	6	32620686	6	32588463	G	A	3.3116079481351e-12	1.67618994695047e-05	0.00383488708169227	0.0162982700971921
rs9271462	6	32620724	6	32588501	T	C	3.35537102585094e-12	1.68239402474618e-05	0.00538268087640869	0.0220643211421184
rs9271471	6	32620888	6	32588665	C	G	3.35537102585094e-12	1.68239402474618e-05	0.00422793478220777	0.0178151439968242
rs9270528	6	32591826	6	32559603	T	C	3.39242909694495e-12	1.69302658139425e-05	NA	NA
rs35243581	11	43685814	11	43707364	C	T	3.80118499919848e-12	1.84528349203769e-05	0.000328319403300996	0.00316613838457146
rs34390003	11	43696893	11	43718443	C	T	3.80118499919848e-12	1.84528349203769e-05	0.000328319403300996	0.00316613838457146
rs7928523	11	43697551	11	43719101	C	T	3.80118499919848e-12	1.84528349203769e-05	0.000328319403300996	0.00316613838457146
rs12577642	11	43706984	11	43728534	A	T	3.80118499919848e-12	1.84528349203769e-05	8.87315846931935e-05	0.000950971114211835
rs56130800	11	43708303	11	43729853	G	A	3.80118499919848e-12	1.84528349203769e-05	8.87315846931935e-05	0.000950971114211835
rs1878767	11	43708437	11	43729987	A	G	3.80118499919848e-12	1.84528349203769e-05	8.87315846931935e-05	0.000950971114211835
rs9271410	6	32619868	6	32587645	A	G	4.26048587950128e-12	2.05889228969774e-05	0.00243912224962422	0.0106414802572101
rs9271450	6	32620604	6	32588381	A	T	4.65565034552795e-12	2.22967858943755e-05	0.0024138899281141	0.0106414802572101
rs9271451	6	32620605	6	32588382	A	T	4.65565034552795e-12	2.22967858943755e-05	0.0024138899281141	0.0106414802572101
rs9271538	6	32622206	6	32589983	G	A	4.93698812075819e-12	2.35386111494941e-05	0.0012813892518742	0.00788268899049534
rs9271417	6	32620041	6	32587818	T	C	5.12203006812588e-12	2.43123184788579e-05	0.00243912224962422	0.0106414802572101
rs9271405	6	32619807	6	32587584	T	C	5.68754103630908e-12	2.67587274832634e-05	0.00243912224962422	0.0106414802572101
rs9271407	6	32619828	6	32587605	C	T	5.68754103630908e-12	2.67587274832634e-05	0.00243912224962422	0.0106414802572101
rs9270547	6	32592174	6	32559951	A	G	5.99346425280919e-12	2.7951763153001e-05	0.022366179493186	0.0485750065644964
rs9270548	6	32592183	6	32559960	C	T	5.99346425280919e-12	2.7951763153001e-05	0.022366179493186	0.0485750065644964
rs9270580	6	32593346	6	32561123	T	C	6.14119349287505e-12	2.85162041832864e-05	0.0169521845727005	0.0409677793840261
rs9271526	6	32622085	6	32589862	G	A	6.30026957016255e-12	2.91282184387983e-05	0.00243912224962422	0.0106414802572101
rs9270576	6	32593291	6	32561068	C	T	7.38879470190649e-12	3.38676021559696e-05	0.0169521845727005	0.0409677793840261
rs9270578	6	32593316	6	32561093	G	A	7.38879470190649e-12	3.38676021559696e-05	0.0169521845727005	0.0409677793840261
rs9270493	6	32591333	6	32559110	T	C	7.67500938404352e-12	3.46010910290802e-05	0.0182546506153505	0.0423866267409021
rs9270538	6	32591981	6	32559758	C	A	7.67841124095571e-12	3.46010910290802e-05	0.00807628882162556	0.0315464468055334
rs9270556	6	32592829	6	32560606	G	A	7.67841124095571e-12	3.46010910290802e-05	0.0169521845727005	0.0409677793840261
rs9270558	6	32592890	6	32560667	G	A	7.67841124095571e-12	3.46010910290802e-05	0.0169521845727005	0.0409677793840261
rs9270535	6	32591937	6	32559714	G	A	8.39548607949907e-12	3.76734731002413e-05	0.0192087148258677	0.0434398917851045
rs9270475	6	32591230	6	32559007	A	T	8.45202910431218e-12	3.77685101470319e-05	0.0109615616835837	0.0368317716384219
rs9272294	6	32635983	6	32603760	C	T	8.58605526188279e-12	3.82075516007905e-05	NA	NA
rs73728637	6	32626643	6	32594420	A	C	9.58914921136297e-12	4.19043943024357e-05	NA	NA
rs9272100	6	32632037	6	32599814	C	T	9.61694322505525e-12	4.19043943024357e-05	NA	NA
rs9272052	6	32631378	6	32599155	A	G	9.64933686889911e-12	4.19043943024357e-05	NA	NA
rs9270541	6	32592087	6	32559864	G	T	9.65223537952954e-12	4.19043943024357e-05	NA	NA
rs9270543	6	32592104	6	32559881	C	A	9.65223537952954e-12	4.19043943024357e-05	NA	NA
rs9270544	6	32592105	6	32559882	C	T	9.65223537952954e-12	4.19043943024357e-05	NA	NA
rs9270530	6	32591909	6	32559686	G	A	1.03669446446513e-11	4.48250308341041e-05	0.0164926574656986	0.0409677793840261
rs9270521	6	32591752	6	32559529	A	C	1.05514712823201e-11	4.54389315774251e-05	0.0142577925097425	0.039712382527136
rs9270533	6	32591932	6	32559709	C	T	1.0701346268328e-11	4.57430026741412e-05	0.0192087148258677	0.0434398917851045
rs3135363	6	32421871	6	32389648	A	G	1.07077422184176e-11	4.57430026741412e-05	NA	NA
rs9271379	6	32619556	6	32587333	C	T	1.08758554884178e-11	4.62760708683309e-05	0.000261345817867706	0.0026842393376829
rs9270540	6	32592071	6	32559848	T	C	1.18668865737458e-11	5.02924764441931e-05	NA	NA
rs9271790	6	32626998	6	32594775	G	A	1.2767741739265e-11	5.38964721402593e-05	NA	NA
rs9270529	6	32591881	6	32559658	C	T	1.33188351191131e-11	5.60014531772129e-05	0.0164926574656986	0.0409677793840261
rs9270583	6	32593452	6	32561229	A	G	1.37928007270598e-11	5.77668986362756e-05	0.0175544323841741	0.0419645309840519
rs9272260	6	32635459	6	32603236	T	A	1.46667884992524e-11	6.11873767963232e-05	NA	NA
rs9270565	6	32592997	6	32560774	C	T	1.50568579840501e-11	6.23277456212281e-05	NA	NA
rs9270566	6	32592998	6	32560775	A	G	1.50568579840501e-11	6.23277456212281e-05	NA	NA
rs9271612	6	32623877	6	32591654	A	G	1.69377789663315e-11	6.90433635413829e-05	NA	NA
rs9271613	6	32623889	6	32591666	C	T	1.69377789663315e-11	6.90433635413829e-05	NA	NA
rs114527826	6	32626383	6	32594160	G	T	1.69377789663315e-11	6.90433635413829e-05	NA	NA
rs9271792	6	32627066	6	32594843	C	T	1.69377789663315e-11	6.90433635413829e-05	NA	NA
rs9272686	6	32641238	6	32609015	C	T	1.78147154162032e-11	7.21273844400562e-05	NA	NA
rs9272296	6	32636033	6	32603810	A	T	1.78425849265432e-11	7.21273844400562e-05	NA	NA
rs9271895	6	32628129	6	32595906	T	C	1.78969608023566e-11	7.21273844400562e-05	NA	NA
rs7116641	11	43675367	11	43696917	T	G	1.82732964498783e-11	7.3367215038333e-05	0.00338964633812802	0.0145312664756271
rs607998	6	32619261	6	32587038	G	A	1.92095925775738e-11	7.68375773210464e-05	0.00974027683497504	0.0338165949270612
rs9270662	6	32598312	6	32566089	T	G	2.05099646187936e-11	7.96524223710601e-05	0.0177051165206548	0.0419645309840519
rs9270665	6	32598455	6	32566232	G	T	2.05099646187936e-11	7.96524223710601e-05	0.0134208275500034	0.038467837105533
rs4599680	6	32598517	6	32566294	T	C	2.05099646187936e-11	7.96524223710601e-05	NA	NA
rs3957140	6	32598720	6	32566497	G	A	2.05099646187936e-11	7.96524223710601e-05	0.0134208275500034	0.038467837105533
rs9271352	6	32616161	6	32583938	T	C	2.05099646187936e-11	7.96524223710601e-05	0.00974027683497504	0.0338165949270612
rs9271541	6	32622293	6	32590070	A	C	2.05099646187936e-11	7.96524223710601e-05	0.00974027683497504	0.0338165949270612
rs2395224	6	32622705	6	32590482	C	G	2.05099646187936e-11	7.96524223710601e-05	0.00974027683497504	0.0338165949270612
rs3129763	6	32623148	6	32590925	G	A	2.05099646187936e-11	7.96524223710601e-05	NA	NA
rs9272238	6	32635000	6	32602777	C	T	2.29083443191054e-11	8.8260752753847e-05	NA	NA
rs9272240	6	32635002	6	32602779	G	A	2.29083443191054e-11	8.8260752753847e-05	NA	NA
rs9272241	6	32635010	6	32602787	G	A	2.29744779871403e-11	8.8260752753847e-05	NA	NA
rs9272285	6	32635911	6	32603688	T	G	2.34486373349227e-11	8.95754636709148e-05	NA	NA
rs3998182	6	32594138	6	32561915	T	C	2.3568319346014e-11	8.95754636709148e-05	0.0134208275500034	0.038467837105533
rs2097432	6	32622994	6	32590771	T	C	2.3568319346014e-11	8.95754636709148e-05	0.00974027683497504	0.0338165949270612
rs590999	6	32599731	6	32567508	G	A	2.42361165200391e-11	9.17868982727854e-05	0.0134208275500034	0.038467837105533
rs9272213	6	32634262	6	32602039	T	A	2.45015713031711e-11	9.22197382665609e-05	NA	NA
rs602427	6	32605762	6	32573539	G	C	2.45231048327385e-11	9.22197382665609e-05	0.0134208275500034	0.038467837105533
rs9272256	6	32635392	6	32603169	T	C	2.48077537094101e-11	9.29628334406618e-05	NA	NA
rs9272233	6	32634909	6	32602686	G	A	2.50232965683892e-11	9.31170903423864e-05	NA	NA
rs9272234	6	32634914	6	32602691	G	A	2.50232965683892e-11	9.31170903423864e-05	NA	NA
rs9271528	6	32622146	6	32589923	C	T	2.51694310222412e-11	9.33356767857113e-05	0.00974027683497504	0.0338165949270612
rs9272275	6	32635826	6	32603603	C	T	2.60728232913989e-11	9.6351169206075e-05	NA	NA
rs9271443	6	32620486	6	32588263	A	C	2.62426793341427e-11	9.6585514353883e-05	0.0121902201610877	0.038467837105533
rs9270549	6	32592663	6	32560440	G	A	2.64834081624183e-11	9.6585514353883e-05	0.0169521845727005	0.0409677793840261
rs9270550	6	32592664	6	32560441	A	G	2.64834081624183e-11	9.6585514353883e-05	0.0169521845727005	0.0409677793840261
rs9272351	6	32636646	6	32604423	G	A	2.64979848000713e-11	9.6585514353883e-05	NA	NA
rs7758465	6	32631254	6	32599031	T	A	2.66942503676394e-11	9.68300566198633e-05	NA	NA
rs9270597	6	32593821	6	32561598	T	G	2.67464059005108e-11	9.68300566198633e-05	0.0169521845727005	0.0409677793840261
rs9272145	6	32633104	6	32600881	A	G	2.69583517793449e-11	9.72676438019833e-05	NA	NA
rs9272176	6	32633556	6	32601333	C	T	2.91192328809564e-11	0.000104710504258171	NA	NA
rs9272190	6	32633983	6	32601760	A	G	3.03689193579031e-11	0.000108473816548533	NA	NA
rs9272191	6	32633992	6	32601769	G	T	3.03689193579031e-11	0.000108473816548533	NA	NA
rs3135003	6	32623699	6	32591476	C	T	3.09799768340008e-11	0.000109557198004663	NA	NA
rs6929044	6	32629174	6	32596951	T	C	3.09799768340008e-11	0.000109557198004663	NA	NA
rs6929398	6	32629189	6	32596966	A	G	3.09799768340008e-11	0.000109557198004663	NA	NA
rs9272262	6	32635514	6	32603291	A	T	3.19833672584689e-11	0.000112361459576878	NA	NA
rs9272264	6	32635532	6	32603309	A	G	3.19833672584689e-11	0.000112361459576878	NA	NA
rs9272215	6	32634328	6	32602105	G	T	3.3425039580171e-11	0.000115244759557248	NA	NA
rs9272220	6	32634529	6	32602306	G	A	3.3425039580171e-11	0.000115244759557248	NA	NA
rs9272230	6	32634825	6	32602602	C	A	3.3425039580171e-11	0.000115244759557248	NA	NA
rs9272253	6	32635251	6	32603028	G	T	3.3425039580171e-11	0.000115244759557248	NA	NA
rs707952	6	32642029	6	32609806	C	T	3.3425039580171e-11	0.000115244759557248	NA	NA
rs9271473	6	32620926	6	32588703	G	C	3.34515394809131e-11	0.000115244759557248	0.013824649161948	0.03937968846059
rs4531696	15	81267275	15	81559616	G	A	3.44548583228596e-11	0.000118319642853266	NA	NA
rs9271545	6	32622376	6	32590153	C	T	3.4574422608489e-11	0.00011834968675186	0.00974027683497504	0.0338165949270612
rs9270868	6	32603340	6	32571117	A	G	3.71306467378737e-11	0.000126295391259882	0.0134208275500034	0.038467837105533
rs9270620	6	32597495	6	32565272	T	A	3.72504296077696e-11	0.000126295391259882	0.0134208275500034	0.038467837105533
rs9270623	6	32597554	6	32565331	A	C	3.72504296077696e-11	0.000126295391259882	0.010973665894091	0.0368317716384219
rs7768875	6	32592975	6	32560752	C	T	3.76480736774981e-11	0.000127239644716772	0.0117377422788751	0.0379751955502651
rs9270589	6	32593613	6	32561390	C	T	3.804540991926e-11	0.000128176903650667	0.0169521845727005	0.0409677793840261
rs9272184	6	32633840	6	32601617	T	C	3.84573640555055e-11	0.000129157361428343	NA	NA
rs9270600	6	32593916	6	32561693	C	T	3.96349782564062e-11	0.000132695046774644	0.0134208275500034	0.038467837105533
rs17596617	11	43669167	11	43690717	C	T	4.09844412114358e-11	0.000135209713949089	0.0118624343098191	0.0379751955502651
rs35060985	11	43671560	11	43693110	G	A	4.09844412114358e-11	0.000135209713949089	0.0118624343098191	0.0379751955502651
rs6485443	11	43674766	11	43696316	C	T	4.09844412114358e-11	0.000135209713949089	0.00338964633812802	0.0145312664756271
rs9272178	6	32633650	6	32601427	C	G	4.10191005917897e-11	0.000135209713949089	NA	NA
rs9272181	6	32633786	6	32601563	G	A	4.10191005917897e-11	0.000135209713949089	NA	NA
rs9270567	6	32593024	6	32560801	T	G	4.18672421750379e-11	0.000137580779022145	0.0169521845727005	0.0409677793840261
rs9270598	6	32593841	6	32561618	T	C	4.33500992636661e-11	0.000142016650947243	0.0169521845727005	0.0409677793840261
rs77559661	6	32631735	6	32599512	A	T	4.37043638438369e-11	0.000142739384941038	NA	NA
rs9272173	6	32633491	6	32601268	T	C	4.56488363853662e-11	0.000148635530847855	NA	NA
rs9271524	6	32622043	6	32589820	A	C	4.89974890568308e-11	0.000159054037271644	0.00974027683497504	0.0338165949270612
rs9272144	6	32633040	6	32600817	T	G	5.18306902072324e-11	0.000167741229889263	NA	NA
rs9270590	6	32593615	6	32561392	G	A	5.19888873154065e-11	0.000167744890124889	0.0169521845727005	0.0409677793840261
rs28366259	6	32591739	6	32559516	C	T	5.31868834750745e-11	0.000171093389534789	NA	NA
rs9272311	6	32636176	6	32603953	G	A	5.33952323687872e-11	0.00017124780674959	NA	NA
rs9270520	6	32591716	6	32559493	A	T	5.57436468343815e-11	0.000178244312612707	NA	NA
rs9272069	6	32631648	6	32599425	T	A	5.95384432812088e-11	0.000189810152810774	NA	NA
rs9270574	6	32593251	6	32561028	G	T	5.98090023142995e-11	0.000190105223978715	0.0186112843350365	0.0425233063883058
rs9272177	6	32633584	6	32601361	T	C	6.18649476088055e-11	0.000196056623652082	NA	NA
rs9271427	6	32620206	6	32587983	A	G	6.33619026665402e-11	0.000199615969536796	0.00738810845995169	0.0293589947563679
rs9271428	6	32620207	6	32587984	C	T	6.33619026665402e-11	0.000199615969536796	0.00738810845995169	0.0293589947563679
rs9270592	6	32593652	6	32561429	A	T	6.71283325139682e-11	0.000210859762460109	0.0169521845727005	0.0409677793840261
rs9272060	6	32631460	6	32599237	G	A	6.99176702976632e-11	0.000218977423006869	NA	NA
rs9272243	6	32635080	6	32602857	A	G	7.3212190036173e-11	0.000227295965156611	NA	NA
rs9272244	6	32635083	6	32602860	G	T	7.3212190036173e-11	0.000227295965156611	NA	NA
rs9272246	6	32635126	6	32602903	G	C	7.3212190036173e-11	0.000227295965156611	NA	NA
rs4344696	15	81251154	15	81543495	C	A	8.30523953745026e-11	0.000257098674946281	NA	NA
rs9271392	6	32619679	6	32587456	A	G	8.35003942621193e-11	0.000257738441417913	0.0022792589086736	0.0106414802572101
rs74291249	6	32626321	6	32594098	G	A	8.64597415339785e-11	0.000266103893368927	NA	NA
rs9272321	6	32636350	6	32604127	C	T	9.04201029946395e-11	0.000276698204549856	NA	NA
rs9272322	6	32636351	6	32604128	T	G	9.04201029946395e-11	0.000276698204549856	NA	NA
rs7758472	6	32631262	6	32599039	G	A	9.26890632361022e-11	0.000282831136906578	NA	NA
rs144537734	6	32545699	6	32513476	A	G	9.87676983726233e-11	0.000300520835454103	NA	NA
rs9272123	6	32632796	6	32600573	C	T	1.0550008987191e-10	0.000320093560117072	NA	NA
rs9270593	6	32593668	6	32561445	A	G	1.05857958426114e-10	0.000320269498109551	0.0169521845727005	0.0409677793840261
rs562462	6	32618660	6	32586437	T	C	1.08860518603558e-10	0.000328423259909503	NA	NA
rs60572790	11	43670833	11	43692383	T	C	1.2219017405201e-10	0.000364518880188404	0.00819055819697418	0.0315464468055334
rs59149077	11	43670834	11	43692384	A	T	1.2219017405201e-10	0.000364518880188404	0.00819055819697418	0.0315464468055334
rs59298872	11	43670872	11	43692422	A	T	1.2219017405201e-10	0.000364518880188404	0.0118624343098191	0.0379751955502651
rs59227842	11	43670873	11	43692423	A	G	1.2219017405201e-10	0.000364518880188404	0.0118624343098191	0.0379751955502651
rs9272058	6	32631420	6	32599197	T	C	1.24364460323565e-10	0.000369971790753441	NA	NA
rs4320940	11	43666290	11	43687840	A	G	1.30555216501609e-10	0.000387309811789228	0.0118624343098191	0.0379751955502651
rs9272188	6	32633911	6	32601688	C	G	1.35343507121819e-10	0.000400402697645339	NA	NA
rs9271902	6	32628259	6	32596036	C	A	1.47548444152287e-10	0.000435304177004673	NA	NA
rs12800235	11	43726362	11	43747912	A	G	1.5584004534843e-10	0.000458499864361276	0.000358946470134836	0.0033388794297448
rs68069968	15	81363266	15	81655607	A	T	1.9138594997051e-10	0.000561533200858692	NA	NA
rs9272343	6	32636549	6	32604326	A	G	1.92715006837338e-10	0.000563883570404031	NA	NA
rs200889854	6	32594189	6	32561966	T	A	2.03913071662183e-10	0.000595018887992719	NA	NA
rs628754	6	32607010	6	32574787	G	A	2.09703305790258e-10	0.000610247463853295	0.0183130861984019	0.0423866267409021
rs4128767	15	81251066	15	81543407	A	G	2.11637634276115e-10	0.000614202882437189	NA	NA
rs9270572	6	32593233	6	32561010	G	T	2.12854814105411e-10	0.000616061234088936	0.0186112843350365	0.0425233063883058
rs9270559	6	32592921	6	32560698	T	G	2.15451344847504e-10	0.000621890977276786	0.0141898197443032	0.039712382527136
rs4131083	15	81243305	15	81535646	G	A	2.43108719442631e-10	0.000699831355311117	NA	NA
rs9272247	6	32635147	6	32602924	G	A	2.50345814325489e-10	0.000718727339752841	NA	NA
rs61112061	15	81335387	15	81627728	A	G	2.71428659255398e-10	0.000775470409488711	NA	NA
rs9272300	6	32636060	6	32603837	C	T	2.71562665086585e-10	0.000775470409488711	NA	NA
rs9272279	6	32635881	6	32603658	T	C	2.8107291724724e-10	0.000800487407024957	NA	NA
rs115787103	6	32635640	6	32603417	T	A	2.83039858370125e-10	0.000803792595356898	NA	NA
rs6485438	11	43665068	11	43686618	G	A	2.83738703949013e-10	0.000803792595356898	0.0118624343098191	0.0379751955502651
rs9272063	6	32631526	6	32599303	C	T	2.89514096532135e-10	0.000813678589663021	NA	NA
rs9272065	6	32631575	6	32599352	T	G	2.89514096532135e-10	0.000813678589663021	NA	NA
rs9272066	6	32631597	6	32599374	C	A	2.89514096532135e-10	0.000813678589663021	NA	NA
rs9272248	6	32635164	6	32602941	G	A	2.90900350315104e-10	0.000815428786962914	NA	NA
rs9270806	6	32601786	6	32569563	C	T	3.07368698542779e-10	0.000859336079125374	0.0153561036334666	0.0409219410340489
rs35186585	11	43856984	11	43878534	A	C	3.6382743211001e-10	0.00101452659892306	NA	NA
rs4755743	11	43792226	11	43813776	T	G	3.96487404293625e-10	0.00109417100181246	NA	NA
rs2176598	11	43842728	11	43864278	T	C	3.96487404293625e-10	0.00109417100181246	1.90810315595599e-06	0.000367751140692771
rs939016	11	43846818	11	43868368	C	G	3.96487404293625e-10	0.00109417100181246	NA	NA
rs10838184	11	43848310	11	43869860	C	G	3.96487404293625e-10	0.00109417100181246	NA	NA
rs9270487	6	32591299	6	32559076	A	G	4.0513629616566e-10	0.00111515747137286	0.0186309009733754	0.0425233063883058
rs11631809	15	81336426	15	81628767	G	C	4.49269337041454e-10	0.00123345681263147	NA	NA
rs9272101	6	32632047	6	32599824	C	T	4.5862147809424e-10	0.00125590431712492	NA	NA
rs9272133	6	32632917	6	32600694	G	A	4.69818260650847e-10	0.0012832755090492	NA	NA
rs114104101	6	32635676	6	32603453	T	C	4.82785410134788e-10	0.00130865354508417	NA	NA
rs9272269	6	32635677	6	32603454	G	A	4.82785410134788e-10	0.00130865354508417	NA	NA
rs115852844	6	32635679	6	32603456	G	A	4.82785410134788e-10	0.00130865354508417	NA	NA
rs9270807	6	32601795	6	32569572	G	A	4.97776960277082e-10	0.00134587419513485	0.0153561036334666	0.0409219410340489
rs9270573	6	32593237	6	32561014	T	G	5.01127152196622e-10	0.00135151079576394	0.0106330754774402	0.0364035153498473
rs9272301	6	32636070	6	32603847	A	G	5.0332344228825e-10	0.00135401483308028	NA	NA
rs12577464	11	43640890	11	43662440	A	G	5.15816663098645e-10	0.00135686332723683	0.0023706791847058	0.0106414802572101
rs2006751	11	43648951	11	43670501	C	A	5.15816663098645e-10	0.00135686332723683	0.0023706791847058	0.0106414802572101
rs7115737	11	43659699	11	43681249	C	T	5.15816663098645e-10	0.00135686332723683	0.0023706791847058	0.0106414802572101
rs61037750	11	43659822	11	43681372	G	A	5.15816663098645e-10	0.00135686332723683	0.0023706791847058	0.0106414802572101
rs4237643	11	43626818	11	43648368	T	G	5.15816663098701e-10	0.00135686332723683	0.00919302977591745	0.0338165949270612
rs2862995	11	43627486	11	43649036	A	C	5.15816663098701e-10	0.00135686332723683	0.00919302977591745	0.0338165949270612
rs2862996	11	43632283	11	43653833	G	T	5.15816663098701e-10	0.00135686332723683	0.00541538105110816	0.0220643211421184
rs2862961	11	43634985	11	43656535	G	A	5.15816663098701e-10	0.00135686332723683	0.00541538105110816	0.0220643211421184
rs9783304	11	43638705	11	43660255	G	T	5.15816663098701e-10	0.00135686332723683	0.00541538105110816	0.0220643211421184
rs9270503	6	32591404	6	32559181	C	G	5.44988148793682e-10	0.00142657190208891	NA	NA
rs9270504	6	32591407	6	32559184	C	A	5.44988148793682e-10	0.00142657190208891	NA	NA
rs35344500	6	32641748	6	32609525	A	C	5.49715567627359e-10	0.00143542828181182	NA	NA
rs9271401	6	32619748	6	32587525	A	G	5.62260421911673e-10	0.00146460471552999	0.00141110116812062	0.00788268899049534
rs9272283	6	32635894	6	32603671	T	A	6.58362513533487e-10	0.0017107637663799	NA	NA
rs9272669	6	32641039	6	32608816	A	G	7.003513636465e-10	0.00181545518714013	NA	NA
rs9272743	6	32641949	6	32609726	C	T	8.03893301773444e-10	0.00207881158785004	NA	NA
rs2862965	11	43613949	11	43635499	C	G	8.30735534299924e-10	0.0021327317169838	0.0179051499985373	0.0420344711870423
rs10768966	11	43614184	11	43635734	G	T	8.30735534299924e-10	0.0021327317169838	NA	NA
rs4755721	11	43614828	11	43636378	T	A	8.30735534299924e-10	0.0021327317169838	NA	NA
rs10742680	11	43617475	11	43639025	G	T	9.45649440417317e-10	0.00241036558333547	0.00919302977591745	0.0338165949270612
rs2862963	11	43618565	11	43640115	C	T	9.45649440417317e-10	0.00241036558333547	0.00919302977591745	0.0338165949270612
rs4755726	11	43620580	11	43642130	T	G	9.45649440417317e-10	0.00241036558333547	0.00919302977591745	0.0338165949270612
rs9272326	6	32636392	6	32604169	C	T	9.84775304021129e-10	0.00250411707262182	NA	NA
rs4713552	6	32593207	6	32560984	C	T	1.05277195585233e-09	0.00267066234013728	0.0134208275500034	0.038467837105533
rs9271406	6	32619811	6	32587588	A	G	1.14897852187026e-09	0.00290781136804778	0.00676542117323054	0.0273389560524808
rs9270570	6	32593201	6	32560978	A	G	1.30231697045421e-09	0.00328808550900107	0.0169521845727005	0.0409677793840261
rs4755722	11	43615028	11	43636578	A	G	1.50685908930348e-09	0.00379553985560198	0.0179051499985373	0.0420344711870423
rs76744036	15	81371495	15	81663836	G	C	1.57128280775538e-09	0.00394850051765561	NA	NA
rs112581165	12	95750137	12	96143915	C	T	1.71894250580378e-09	0.00429933558899205	NA	NA
rs557048	6	32619224	6	32587001	C	T	1.7189468564905e-09	0.00429933558899205	NA	NA
rs566861	6	32608761	6	32576538	T	C	2.02104468267842e-09	0.00501334517098039	NA	NA
rs9271925	6	32628763	6	32596540	T	G	2.02428811730361e-09	0.00501334517098039	NA	NA
rs9271926	6	32628789	6	32596566	G	T	2.02428811730361e-09	0.00501334517098039	NA	NA
rs9271384	6	32619631	6	32587408	C	T	2.02745362335779e-09	0.00501334517098039	0.0109822929631806	0.0368317716384219
rs582591	6	32611596	6	32579373	G	A	2.0278908850907e-09	0.00501334517098039	NA	NA
rs476775	6	32601945	6	32569722	G	T	2.0617223069259e-09	0.00506183149308871	0.0153561036334666	0.0409219410340489
rs476602	6	32602015	6	32569792	T	C	2.0617223069259e-09	0.00506183149308871	0.0153561036334666	0.0409219410340489
rs2516050	6	32602575	6	32570352	G	A	2.0617223069259e-09	0.00506183149308871	0.0153561036334666	0.0409219410340489
rs647455	6	32608944	6	32576721	G	A	2.17448225970155e-09	0.00531424047189425	NA	NA
rs647467	6	32608949	6	32576726	C	T	2.17448225970155e-09	0.00531424047189425	NA	NA
rs35521277	11	43786724	11	43808274	T	C	2.19634264484995e-09	0.00535541035755962	NA	NA
rs796986244	6	32602243	6	32570020	C	T	2.29836958560457e-09	0.00558188920036082	0.0154956090257863	0.0409677793840261
rs10444524	12	95739609	12	96133387	A	G	2.2996784599389e-09	0.00558188920036082	NA	NA
rs593635	6	32600286	6	32568063	G	A	2.7606082322999e-09	0.00668548563417769	NA	NA
rs9272192	6	32633998	6	32601775	A	G	2.92675088971037e-09	0.00707180473204156	NA	NA
rs9271903	6	32628261	6	32596038	C	G	3.58165403509174e-09	0.00859588097188137	NA	NA
rs9271904	6	32628263	6	32596040	A	G	3.58165403509174e-09	0.00859588097188137	NA	NA
rs9271905	6	32628264	6	32596041	G	A	3.58165403509174e-09	0.00859588097188137	NA	NA
rs9271924	6	32628721	6	32596498	G	A	3.72494900873707e-09	0.00891974099763052	NA	NA
rs9272271	6	32635749	6	32603526	A	T	3.9676129353441e-09	0.00945840822303062	NA	NA
rs9272272	6	32635753	6	32603530	G	A	3.9676129353441e-09	0.00945840822303062	NA	NA
rs9270884	6	32603957	6	32571734	T	G	3.98762609775495e-09	0.00948494592602992	0.0153561036334666	0.0409219410340489
rs9272204	6	32634138	6	32601915	G	A	4.48748740244078e-09	0.0106501935216013	NA	NA
rs9270894	6	32604095	6	32571872	A	G	4.58861212574922e-09	0.010866046950371	0.0222794659823559	0.0485750065644964
rs680061	6	32603321	6	32571098	A	G	4.81717552861999e-09	0.0113820583399502	NA	NA
rs182836940	15	81258771	15	81551112	C	A	5.00738334198244e-09	0.0118053647193335	NA	NA
rs2395521	6	32633923	6	32601700	C	T	5.14249167338709e-09	0.0120971903670356	NA	NA
rs9270870	6	32603382	6	32571159	C	T	5.59187782379147e-09	0.0131254151255646	0.0139785912385461	0.03937968846059
rs679243	6	32603182	6	32570959	C	T	5.77357256987956e-09	0.0135040284660762	0.0153561036334666	0.0409219410340489
rs673336	6	32610081	6	32577858	G	A	5.7784688195507e-09	0.0135040284660762	0.00744396418772006	0.0293589947563679
rs9272434	6	32637548	6	32605325	C	T	6.08082905022122e-09	0.014179603499429	NA	NA
rs9272267	6	32635666	6	32603443	A	G	6.55596914282831e-09	0.0152542544327859	NA	NA
rs9272369	6	32636866	6	32604643	C	T	6.77627717436626e-09	0.0157325855089047	NA	NA
rs9270752	6	32600649	6	32568426	C	T	6.84899464972703e-09	0.0158669214670053	0.0205450556103174	0.0454202350488183
rs2647092	6	32616663	6	32584440	C	T	6.99578442901579e-09	0.0161719061962184	0.00974027683497504	0.0338165949270612
rs9272206	6	32634156	6	32601933	C	T	7.73831093430699e-09	0.0176816739503075	NA	NA
rs9270869	6	32603378	6	32571155	T	C	7.75697399084145e-09	0.0176816739503075	0.0182081991034821	0.0423866267409021
rs9270871	6	32603383	6	32571160	A	G	7.75697399084145e-09	0.0176816739503075	0.0170884621720746	0.041095667565038
rs592362	6	32600018	6	32567795	A	G	7.76478526793767e-09	0.0176816739503075	NA	NA
rs3998183	6	32600169	6	32567946	C	T	7.76478526793767e-09	0.0176816739503075	0.0134208275500034	0.038467837105533
rs617058	6	32606702	6	32574479	G	T	7.76478526793767e-09	0.0176816739503075	0.0134208275500034	0.038467837105533
rs642093	6	32614298	6	32582075	G	A	7.76478526793767e-09	0.0176816739503075	0.0134208275500034	0.038467837105533
rs2454137	6	32602372	6	32570149	A	G	9.00933815623706e-09	0.0204720720211405	0.0134208275500034	0.038467837105533
rs9272665	6	32640944	6	32608721	G	A	9.75232587072868e-09	0.0221133259868418	NA	NA
rs28366320	6	32593774	6	32561551	G	A	9.8432786572358e-09	0.0222722735451493	NA	NA
rs9270612	6	32597329	6	32565106	T	C	1.066076297265e-08	0.0239696365302331	NA	NA
rs9270614	6	32597338	6	32565115	C	A	1.066076297265e-08	0.0239696365302331	NA	NA
rs9270616	6	32597377	6	32565154	C	G	1.066076297265e-08	0.0239696365302331	NA	NA
rs72691418	14	81424439	14	81890783	A	C	1.0699323928245e-08	0.0240057983769272	NA	NA
rs602875	6	32605852	6	32573629	A	G	1.13270723418995e-08	0.0253609820003299	0.0134208275500034	0.038467837105533
rs535773	6	32609864	6	32577641	G	T	1.25909691411201e-08	0.0281318331904904	0.0134208275500034	0.038467837105533
rs9270772	6	32601190	6	32568967	T	C	1.3511187662711e-08	0.0301248423871918	NA	NA
rs9270555	6	32592807	6	32560584	C	T	1.405201194993e-08	0.0312363713767615	NA	NA
rs9270876	6	32603537	6	32571314	T	A	1.4126707003315e-08	0.0312363713767615	0.019747254472828	0.0440515676701548
rs9270877	6	32603541	6	32571318	A	G	1.4126707003315e-08	0.0312363713767615	0.019747254472828	0.0440515676701548
rs9270878	6	32603543	6	32571320	G	A	1.4126707003315e-08	0.0312363713767615	0.019747254472828	0.0440515676701548
rs3129968	6	32413695	6	32381472	T	C	1.41737740331436e-08	0.0312756910001239	NA	NA
rs9270657	6	32598244	6	32566021	T	G	1.43645020297694e-08	0.0316311955510357	NA	NA
rs9270863	6	32603205	6	32570982	G	A	1.53920468384758e-08	0.0338241489143043	0.0153561036334666	0.0409219410340489
rs2858863	6	32610501	6	32578278	C	T	1.56812419888081e-08	0.0343888985737122	0.0176831728666751	0.0419645309840519
rs7756741	6	32615421	6	32583198	T	A	1.6199359101399e-08	0.0354523298585207	0.0134208275500034	0.038467837105533
rs10838137	11	43613423	11	43634973	A	C	1.64282121634619e-08	0.0358796513677358	0.0201035737709027	0.0446444228335813
rs678770	6	32603040	6	32570817	T	A	1.6986663345684e-08	0.037023610665688	0.0134208275500034	0.038467837105533
rs9272222	6	32634559	6	32602336	G	A	1.76346877652017e-08	0.0383577437142706	0.0219354159257181	0.0482775002293707
rs9271787	6	32626941	6	32594718	T	C	1.85913532184867e-08	0.0402745645506057	NA	NA
rs9271788	6	32626957	6	32594734	A	G	1.85913532184867e-08	0.0402745645506057	NA	NA
rs9270599	6	32593879	6	32561656	G	A	1.9129149545126e-08	0.0413557102686401	NA	NA
rs9272423	6	32637387	6	32605164	T	G	1.92422953717643e-08	0.041516281552454	NA	NA
rs9272356	6	32636739	6	32604516	C	T	2.18177241210216e-08	0.0469530008857127	NA	NA
rs2858875	6	32598872	6	32566649	T	C	2.18500770334722e-08	0.0469530008857127	NA	NA
rs9271333	6	32614901	6	32582678	C	T	2.1916959736232e-08	0.0470021514649911	NA	NA
rs3129967	6	32413684	6	32381461	C	T	2.31487955631324e-08	0.0495444058424864	NA	NA
